1 2579 31 0 0
1 2579 31 0 0
1 2579 31 0 0
1 2579 31 0 0
1 2579 31 0 0
1 2604 39 0 0
1 72425035 5264 1 19
1 71895085 4100 8 93
1 71906416 4203 7 79
1 72333961 1949 1 10
1 72333961 1949 1 10
1 629 38 0 0
1 629 38 0 0
1 629 38 0 0
1 629 38 0 0
1 629 38 0 0
1 -766909335 24 0 0
1 31300 14 0 0
1 -2147451501 110 0 0
1 0 55 0 0
1 0 38 0 0
1 0 88 0 0
1 292 91 0 0
1 17 41 0 0
1 90 6 0 0
1 108 6 0 0
1 125 5 0 0
1 181 4 0 0
1 124 7 0 0
1 188 4 0 0
1 120 6 0 0
1 127 5 0 0
1 128 4 0 0
1 143 6 0 0
1 107 6 0 0
1 264 11 0 0
1 158 7 0 0
1 121 6 0 0
1 152 6 0 0
1 219 9 0 0
1 178 5 0 0
1 213 10 0 0
1 77 5 0 0
1 124 5 0 0
1 82 4 0 0
1 172 6 0 0
1 168 6 0 0
1 184 6 0 0
1 143 6 0 0
1 187 6 0 0
1 72 3 0 0
1 259 40 0 0
1 123 5 0 0
1 254 104 0 0
1 73 4 0 0
1 205 10 0 0
1 147 17 0 0
1 151 9 0 0
1 187 6 0 0
1 98 4 0 0
1 193 7 0 0
1 114 6 0 0
1 110 4 0 0
1 142 6 0 0
1 153 6 0 0
1 203 5 0 0
1 196 5 0 0
1 131 7 0 0
1 143 6 0 0
1 168 7 0 0
1 167 8 0 0
1 168 7 0 0
1 179 7 0 0
1 149 29 0 0
1 140 3 0 0
1 267 6 0 0
1 97 6 0 0
1 156 5 0 0
1 111 3 0 0
1 238 7 0 0
1 91 3 0 0
1 79 4 0 0
1 174 6 0 0
1 180 13 0 0
1 267 7 0 0
1 148 5 0 0
1 75 6 0 0
1 253 9 0 0
1 215 6 0 0
1 240 9 0 0
1 259 8 0 0
1 135 6 0 0
1 168 8 0 0
1 131 6 0 0
1 99 8 0 0
1 126 6 0 0
1 94 5 0 0
1 51 8 0 0
1 179 7 0 0
1 196 7 0 0
1 112 8 0 0
1 218 5 0 0
1 160 5 0 0
1 107 6 0 0
1 197 8 0 0
1 182 10 0 0
1 213 9 0 0
1 212 6 0 0
1 211 7 0 0
1 143 20 0 0
1 95 6 0 0
1 358 11 0 0
1 176 7 0 0
1 170 6 0 0
1 114 6 0 0
1 95 16 0 0
1 126 5 0 0
1 195 7 0 0
1 162 7 0 0
1 164 7 0 0
1 124 7 0 0
1 172 6 0 0
1 278 22 0 0
1 219 6 0 0
1 175 6 0 0
1 137 4 0 0
1 212 8 0 0
1 164 3 0 0
1 158 6 0 0
1 134 9 0 0
1 121 10 0 0
1 247 8 0 0
1 242 7 0 0
1 129 10 0 0
1 166 8 0 0
1 177 28 0 0
1 304 9 0 0
1 248 11 0 0
1 199 11 0 0
1 104 6 0 0
1 184 7 0 0
1 252 10 0 0
1 215 5 0 0
1 272 8 0 0
1 102 5 0 0
1 215 8 0 0
1 181 7 0 0
1 88 8 0 0
1 131 3 0 0
1 192 7 0 0
1 258 8 0 0
1 137 6 0 0
1 214 5 0 0
1 184 5 0 0
1 113 9 0 0
1 210 7 0 0
1 224 12 0 0
1 236 8 0 0
1 166 7 0 0
1 87 5 0 0
1 137 4 0 0
1 194 8 0 0
1 234 7 0 0
1 207 5 0 0
1 203 8 0 0
1 161 7 0 0
1 175 8 0 0
1 152 5 0 0
1 102 5 0 0
1 183 6 0 0
1 102 5 0 0
1 124 4 0 0
1 64 4 0 0
1 318 9 0 0
1 118 5 0 0
1 240 11 0 0
1 253 9 0 0
1 194 6 0 0
1 118 7 0 0
1 92 5 0 0
1 272 8 0 0
1 111 7 0 0
1 226 8 0 0
1 125 6 0 0
1 160 10 0 0
1 236 6 0 0
1 155 5 0 0
1 101 7 0 0
1 172 5 0 0
1 209 7 0 0
1 143 6 0 0
1 215 11 0 0
1 218 5 0 0
1 182 6 0 0
1 99 6 0 0
1 157 19 0 0
1 151 9 0 0
1 88 9 0 0
1 145 12 0 0
1 138 6 0 0
1 156 4 0 0
1 155 7 0 0
1 174 6 0 0
1 143 10 0 0
1 223 7 0 0
1 179 10 0 0
1 147 9 0 0
1 185 6 0 0
1 169 15 0 0
1 157 4 0 0
1 142 4 0 0
1 207 6 0 0
1 168 5 0 0
1 192 5 0 0
1 82 7 0 0
1 248 10 0 0
1 126 7 0 0
1 231 7 0 0
1 209 4 0 0
1 64 4 0 0
1 189 6 0 0
1 177 6 0 0
1 126 5 0 0
1 155 6 0 0
1 143 4 0 0
1 115 4 0 0
1 179 7 0 0
1 153 6 0 0
1 109 8 0 0
1 349 103 0 0
1 123 7 0 0
1 184 4 0 0
1 219 6 0 0
1 201 8 0 0
1 150 7 0 0
1 138 6 0 0
1 140 4 0 0
1 172 11 0 0
1 195 7 0 0
1 149 6 0 0
1 160 6 0 0
1 127 6 0 0
1 154 15 0 0
1 158 9 0 0
1 167 6 0 0
1 258 8 0 0
1 190 5 0 0
1 199 6 0 0
1 148 4 0 0
1 187 6 0 0
1 219 11 0 0
1 193 7 0 0
1 80 4 0 0
1 192 10 0 0
1 146 6 0 0
1 57 4 0 0
1 134 5 0 0
1 193 5 0 0
1 134 6 0 0
1 220 12 0 0
1 173 15 0 0
1 196 14 0 0
1 255 9 0 0
1 189 9 0 0
1 196 5 0 0
1 177 12 0 0
1 189 7 0 0
1 100 5 0 0
1 108 6 0 0
1 258 7 0 0
1 106 8 0 0
1 142 7 0 0
1 218 8 0 0
1 141 5 0 0
1 169 6 0 0
1 133 7 0 0
1 179 7 0 0
1 165 5 0 0
1 234 7 0 0
1 104 5 0 0
1 85 5 0 0
1 246 7 0 0
1 312 9 0 0
1 213 6 0 0
1 199 6 0 0
1 125 5 0 0
1 97 4 0 0
1 146 5 0 0
1 137 5 0 0
1 103 5 0 0
1 71 3 0 0
1 152 7 0 0
1 164 32 0 0
1 98 5 0 0
1 197 12 0 0
1 173 6 0 0
1 112 6 0 0
1 103 9 0 0
1 178 8 0 0
1 136 6 0 0
1 207 9 0 0
1 179 6 0 0
1 192 8 0 0
1 48 7 0 0
1 202 6 0 0
1 216 9 0 0
1 161 4 0 0
1 252 8 0 0
1 48 8 0 0
1 208 5 0 0
1 172 12 0 0
1 208 15 0 0
1 112 5 0 0
1 192 10 0 0
1 193 5 0 0
1 292 9 0 0
1 146 10 0 0
1 130 5 0 0
1 185 8 0 0
1 78 5 0 0
1 178 10 0 0
1 127 6 0 0
1 206 7 0 0
1 233 7 0 0
1 172 7 0 0
1 141 11 0 0
1 117 9 0 0
1 275 10 0 0
1 214 6 0 0
1 204 9 0 0
1 167 6 0 0
1 163 18 0 0
1 173 6 0 0
1 170 6 0 0
1 137 5 0 0
1 150 5 0 0
1 98 5 0 0
1 177 6 0 0
1 109 7 0 0
1 132 8 0 0
1 102 4 0 0
1 145 5 0 0
1 108 5 0 0
1 140 8 0 0
1 167 8 0 0
1 252 8 0 0
1 103 6 0 0
1 279 9 0 0
1 201 10 0 0
1 256 7 0 0
1 162 20 0 0
1 185 7 0 0
1 201 7 0 0
1 220 7 0 0
1 215 11 0 0
1 151 7 0 0
1 194 10 0 0
1 163 7 0 0
1 181 13 0 0
1 159 6 0 0
1 135 8 0 0
1 113 5 0 0
1 161 3 0 0
1 160 8 0 0
1 124 8 0 0
1 193 5 0 0
1 158 3 0 0
1 105 6 0 0
1 112 6 0 0
1 147 13 0 0
1 133 3 0 0
1 65 4 0 0
1 216 5 0 0
1 254 9 0 0
1 126 7 0 0
1 209 11 0 0
1 158 30 0 0
1 270 26 0 0
1 258 101 0 0
1 87 5 0 0
1 110 7 0 0
1 178 6 0 0
1 91 4 0 0
1 202 5 0 0
1 190 6 0 0
1 106 7 0 0
1 152 6 0 0
1 156 7 0 0
1 129 6 0 0
1 226 8 0 0
1 232 9 0 0
1 192 7 0 0
1 295 16 0 0
1 239 101 0 0
1 141 5 0 0
1 81 5 0 0
1 164 6 0 0
1 229 10 0 0
1 192 6 0 0
1 191 7 0 0
1 126 6 0 0
1 130 6 0 0
1 163 7 0 0
1 230 7 0 0
1 208 8 0 0
1 241 11 0 0
1 92 7 0 0
1 246 49 0 0
1 157 6 0 0
1 157 5 0 0
1 156 5 0 0
1 133 5 0 0
1 197 7 0 0
1 122 10 0 0
1 345 103 0 0
1 167 4 0 0
1 166 6 0 0
1 190 7 0 0
1 241 7 0 0
1 204 6 0 0
1 206 6 0 0
1 94 5 0 0
1 92 6 0 0
1 191 6 0 0
1 110 4 0 0
1 141 12 0 0
1 175 5 0 0
1 65 4 0 0
1 168 5 0 0
1 212 5 0 0
1 159 5 0 0
1 221 8 0 0
1 192 18 0 0
1 72 4 0 0
1 88 5 0 0
1 157 6 0 0
1 176 6 0 0
1 200 5 0 0
1 153 9 0 0
1 199 8 0 0
1 193 8 0 0
1 151 7 0 0
1 69 4 0 0
1 118 6 0 0
1 98 5 0 0
1 155 7 0 0
1 162 8 0 0
1 136 7 0 0
1 128 10 0 0
1 169 6 0 0
1 90 6 0 0
1 168 5 0 0
1 230 7 0 0
1 189 5 0 0
1 144 6 0 0
1 177 8 0 0
1 266 12 0 0
1 201 101 0 0
1 79 4 0 0
1 176 5 0 0
1 255 6 0 0
1 144 6 0 0
1 196 6 0 0
1 179 5 0 0
1 213 10 0 0
1 174 4 0 0
1 131 5 0 0
1 193 6 0 0
1 158 15 0 0
1 248 6 0 0
1 124 10 0 0
1 325 11 0 0
1 136 6 0 0
1 225 9 0 0
1 120 6 0 0
1 135 5 0 0
1 197 6 0 0
1 165 13 0 0
1 84 4 0 0
1 181 7 0 0
1 193 9 0 0
1 177 6 0 0
1 156 5 0 0
1 186 6 0 0
1 83 4 0 0
1 115 5 0 0
1 130 5 0 0
1 87 5 0 0
1 155 6 0 0
1 122 6 0 0
1 188 10 0 0
1 208 15 0 0
1 111 5 0 0
1 248 7 0 0
1 69 3 0 0
1 188 6 0 0
1 172 5 0 0
1 163 7 0 0
1 247 7 0 0
1 150 5 0 0
1 190 6 0 0
1 94 4 0 0
1 216 9 0 0
1 158 6 0 0
1 164 6 0 0
1 144 12 0 0
1 129 4 0 0
1 191 4 0 0
1 216 4 0 0
1 175 4 0 0
1 67 3 0 0
1 144 8 0 0
1 142 4 0 0
1 157 7 0 0
1 136 4 0 0
1 148 7 0 0
1 179 6 0 0
1 160 8 0 0
1 108 14 0 0
1 123 11 0 0
1 179 12 0 0
1 258 9 0 0
1 221 8 0 0
1 220 7 0 0
1 159 7 0 0
1 234 37 0 0
1 95 4 0 0
1 106 7 0 0
1 144 8 0 0
1 196 7 0 0
1 145 4 0 0
1 108 4 0 0
1 102 5 0 0
1 143 8 0 0
1 119 8 0 0
1 151 5 0 0
1 164 6 0 0
1 155 4 0 0
1 197 10 0 0
1 253 7 0 0
1 288 12 0 0
1 229 101 0 0
1 160 6 0 0
1 160 101 0 0
1 140 10 0 0
1 90 4 0 0
1 109 4 0 0
1 127 6 0 0
1 198 101 0 0
1 209 19 0 0
1 201 9 0 0
1 107 5 0 0
1 184 5 0 0
1 192 14 0 0
1 126 6 0 0
1 173 5 0 0
1 117 6 0 0
1 212 18 0 0
1 209 7 0 0
1 176 103 0 0
1 217 101 0 0
1 126 6 0 0
1 163 4 0 0
1 213 7 0 0
1 163 4 0 0
1 165 8 0 0
1 204 37 0 0
1 216 6 0 0
1 197 7 0 0
1 110 6 0 0
1 76 6 0 0
1 208 18 0 0
1 145 13 0 0
1 148 4 0 0
1 83 6 0 0
1 101 6 0 0
1 182 5 0 0
1 158 9 0 0
1 102 7 0 0
1 135 6 0 0
1 123 3 0 0
1 157 4 0 0
1 123 4 0 0
1 253 9 0 0
1 173 7 0 0
1 167 7 0 0
1 200 7 0 0
1 194 20 0 0
1 327 10 0 0
1 114 5 0 0
1 218 26 0 0
1 138 5 0 0
1 151 12 0 0
1 172 5 0 0
1 121 6 0 0
1 157 7 0 0
1 84 6 0 0
1 190 6 0 0
1 192 12 0 0
1 110 5 0 0
1 149 6 0 0
1 153 7 0 0
1 121 5 0 0
1 188 6 0 0
1 154 6 0 0
1 159 4 0 0
1 212 12 0 0
1 192 9 0 0
1 238 15 0 0
1 168 9 0 0
1 144 5 0 0
1 252 101 0 0
1 118 6 0 0
1 173 7 0 0
1 155 7 0 0
1 129 5 0 0
1 247 8 0 0
1 87 7 0 0
1 160 5 0 0
1 109 5 0 0
1 169 5 0 0
1 151 5 0 0
1 174 6 0 0
1 136 5 0 0
1 154 6 0 0
1 220 8 0 0
1 128 10 0 0
1 206 6 0 0
1 205 6 0 0
1 152 6 0 0
1 147 4 0 0
1 132 5 0 0
1 175 6 0 0
1 105 6 0 0
1 129 7 0 0
1 183 7 0 0
1 221 11 0 0
1 126 7 0 0
1 128 5 0 0
1 252 16 0 0
1 175 5 0 0
1 182 8 0 0
1 233 9 0 0
1 133 6 0 0
1 120 6 0 0
1 155 5 0 0
1 157 3 0 0
1 217 7 0 0
1 136 17 0 0
1 162 5 0 0
1 122 4 0 0
1 97 6 0 0
1 190 7 0 0
1 124 6 0 0
1 79 5 0 0
1 158 6 0 0
1 187 6 0 0
1 90 5 0 0
1 250 6 0 0
1 179 5 0 0
1 115 5 0 0
1 107 9 0 0
1 273 8 0 0
1 209 50 0 0
1 305 12 0 0
1 136 9 0 0
1 115 7 0 0
1 198 6 0 0
1 87 5 0 0
1 169 5 0 0
1 164 4 0 0
1 188 6 0 0
1 127 6 0 0
1 193 8 0 0
1 222 18 0 0
1 258 11 0 0
1 165 5 0 0
1 139 4 0 0
1 126 5 0 0
1 110 4 0 0
1 216 5 0 0
1 158 5 0 0
1 251 103 0 0
1 76 5 0 0
1 167 8 0 0
1 144 7 0 0
1 115 5 0 0
1 128 5 0 0
1 146 6 0 0
1 132 6 0 0
1 157 4 0 0
1 145 13 0 0
1 152 10 0 0
1 129 8 0 0
1 125 5 0 0
1 197 6 0 0
1 121 15 0 0
1 223 7 0 0
1 236 9 0 0
1 221 8 0 0
1 111 5 0 0
1 98 4 0 0
1 106 8 0 0
1 158 7 0 0
1 173 4 0 0
1 150 5 0 0
1 174 5 0 0
1 174 6 0 0
1 272 11 0 0
1 205 6 0 0
1 239 8 0 0
1 116 6 0 0
1 174 8 0 0
1 243 12 0 0
1 139 4 0 0
1 124 5 0 0
1 129 5 0 0
1 172 5 0 0
1 154 6 0 0
1 244 11 0 0
1 163 43 0 0
1 149 4 0 0
1 96 5 0 0
1 196 8 0 0
1 159 4 0 0
1 179 7 0 0
1 172 7 0 0
1 292 10 0 0
1 187 7 0 0
1 211 7 0 0
1 206 8 0 0
1 227 29 0 0
1 151 6 0 0
1 180 10 0 0
1 212 6 0 0
1 253 103 0 0
1 127 5 0 0
1 222 9 0 0
1 118 7 0 0
1 197 7 0 0
1 158 7 0 0
1 134 5 0 0
1 207 7 0 0
1 130 6 0 0
1 207 8 0 0
1 165 6 0 0
1 127 7 0 0
1 281 15 0 0
1 185 9 0 0
1 209 9 0 0
1 219 9 0 0
1 147 7 0 0
1 199 8 0 0
1 208 23 0 0
1 99 4 0 0
1 154 4 0 0
1 133 4 0 0
1 98 4 0 0
1 238 13 0 0
1 118 5 0 0
1 109 4 0 0
1 245 6 0 0
1 159 5 0 0
1 232 11 0 0
1 146 6 0 0
1 114 4 0 0
1 133 9 0 0
1 148 8 0 0
1 176 10 0 0
1 188 15 0 0
1 102 5 0 0
1 200 8 0 0
1 97 4 0 0
1 240 7 0 0
1 225 6 0 0
1 187 6 0 0
1 227 8 0 0
1 201 6 0 0
1 150 5 0 0
1 70 5 0 0
1 129 4 0 0
1 191 11 0 0
1 152 5 0 0
1 233 7 0 0
1 214 7 0 0
1 169 8 0 0
1 180 3 0 0
1 153 5 0 0
1 143 6 0 0
1 191 9 0 0
1 127 21 0 0
1 103 5 0 0
1 263 9 0 0
1 137 8 0 0
1 247 24 0 0
1 246 7 0 0
1 80 5 0 0
1 193 8 0 0
1 114 6 0 0
1 163 5 0 0
1 211 14 0 0
1 147 4 0 0
1 120 6 0 0
1 161 4 0 0
1 170 4 0 0
1 156 8 0 0
1 202 6 0 0
1 167 5 0 0
1 110 7 0 0
1 183 4 0 0
1 267 7 0 0
1 267 101 0 0
1 84 5 0 0
1 148 5 0 0
1 125 8 0 0
1 177 101 0 0
1 119 5 0 0
1 222 10 0 0
1 100 6 0 0
1 126 4 0 0
1 153 101 0 0
1 165 6 0 0
1 118 5 0 0
1 147 6 0 0
1 216 4 0 0
1 302 9 0 0
1 168 6 0 0
1 167 7 0 0
1 109 5 0 0
1 87 4 0 0
1 148 6 0 0
1 117 5 0 0
1 242 8 0 0
1 126 3 0 0
1 131 5 0 0
1 254 103 0 0
1 151 5 0 0
1 176 7 0 0
1 177 7 0 0
1 281 9 0 0
1 128 5 0 0
1 241 7 0 0
1 198 5 0 0
1 98 4 0 0
1 189 6 0 0
1 181 6 0 0
1 198 13 0 0
1 177 4 0 0
1 196 6 0 0
1 261 7 0 0
1 169 5 0 0
1 186 11 0 0
1 180 6 0 0
1 228 11 0 0
1 139 6 0 0
1 80 5 0 0
1 144 4 0 0
1 234 11 0 0
1 141 6 0 0
1 206 6 0 0
1 217 11 0 0
1 66 6 0 0
1 130 7 0 0
1 136 8 0 0
1 86 3 0 0
1 208 12 0 0
1 238 8 0 0
1 169 5 0 0
1 243 9 0 0
1 190 8 0 0
1 236 8 0 0
1 125 5 0 0
1 194 18 0 0
1 226 10 0 0
1 151 9 0 0
1 195 103 0 0
1 206 6 0 0
1 147 6 0 0
1 277 9 0 0
1 139 9 0 0
1 312 9 0 0
1 158 49 0 0
1 112 5 0 0
1 142 6 0 0
1 87 6 0 0
1 73 4 0 0
1 228 7 0 0
1 169 5 0 0
1 211 18 0 0
1 270 11 0 0
1 239 15 0 0
1 246 15 0 0
1 280 101 0 0
1 191 7 0 0
1 142 4 0 0
1 176 9 0 0
1 210 7 0 0
1 138 5 0 0
1 91 5 0 0
1 102 5 0 0
1 212 101 0 0
1 189 6 0 0
1 286 10 0 0
1 201 4 0 0
1 131 5 0 0
1 240 8 0 0
1 239 8 0 0
1 178 6 0 0
1 203 5 0 0
1 146 10 0 0
1 355 39 0 0
1 173 4 0 0
1 265 104 0 0
1 260 8 0 0
1 150 7 0 0
1 153 18 0 0
1 270 9 0 0
1 143 31 0 0
1 197 7 0 0
1 223 7 0 0
1 170 8 0 0
1 161 6 0 0
1 142 10 0 0
1 157 4 0 0
1 156 6 0 0
1 170 9 0 0
1 229 6 0 0
1 162 5 0 0
1 89 4 0 0
1 284 14 0 0
1 203 7 0 0
1 219 11 0 0
1 127 6 0 0
1 199 6 0 0
1 220 5 0 0
1 172 6 0 0
1 81 5 0 0
1 236 28 0 0
1 134 13 0 0
1 269 6 0 0
1 97 6 0 0
1 100 5 0 0
1 165 18 0 0
1 175 10 0 0
1 211 5 0 0
1 238 8 0 0
1 152 9 0 0
1 158 6 0 0
1 85 5 0 0
1 200 9 0 0
1 200 7 0 0
1 141 8 0 0
1 149 35 0 0
1 76 5 0 0
1 235 10 0 0
1 176 5 0 0
1 150 4 0 0
1 206 9 0 0
1 131 4 0 0
1 162 4 0 0
1 222 10 0 0
1 90 6 0 0
1 254 16 0 0
1 192 6 0 0
1 129 6 0 0
1 127 5 0 0
1 187 9 0 0
1 265 9 0 0
1 187 8 0 0
1 101 5 0 0
1 122 5 0 0
1 131 6 0 0
1 356 22 0 0
1 206 7 0 0
1 118 6 0 0
1 311 25 0 0
1 166 6 0 0
1 178 19 0 0
1 155 4 0 0
1 213 13 0 0
1 193 6 0 0
1 182 5 0 0
1 333 10 0 0
1 237 5 0 0
1 148 7 0 0
1 283 14 0 0
1 86 5 0 0
1 190 4 0 0
1 177 14 0 0
1 95 8 0 0
1 191 6 0 0
1 113 3 0 0
1 212 8 0 0
1 242 9 0 0
1 144 6 0 0
1 202 6 0 0
1 251 8 0 0
1 241 11 0 0
1 72 2 0 0
1 168 6 0 0
1 218 6 0 0
1 73 4 0 0
1 204 8 0 0
1 87 101 0 0
1 138 14 0 0
1 215 8 0 0
1 177 103 0 0
1 180 5 0 0
1 202 10 0 0
1 116 9 0 0
1 95 7 0 0
1 123 6 0 0
1 194 6 0 0
1 206 10 0 0
1 162 6 0 0
1 232 5 0 0
1 255 5 0 0
1 133 13 0 0
1 209 6 0 0
1 132 4 0 0
1 279 9 0 0
1 133 19 0 0
1 151 4 0 0
1 126 6 0 0
1 119 5 0 0
1 136 5 0 0
1 135 9 0 0
1 92 6 0 0
1 145 15 0 0
1 100 5 0 0
1 206 7 0 0
1 143 6 0 0
1 184 7 0 0
1 114 5 0 0
1 162 5 0 0
1 184 9 0 0
1 238 17 0 0
1 171 7 0 0
1 205 9 0 0
1 203 6 0 0
1 179 7 0 0
1 136 10 0 0
1 234 9 0 0
1 167 11 0 0
1 211 7 0 0
1 213 11 0 0
1 153 6 0 0
1 210 7 0 0
1 156 6 0 0
1 118 6 0 0
1 269 15 0 0
1 237 6 0 0
1 167 6 0 0
1 222 11 0 0
1 236 12 0 0
1 270 10 0 0
1 227 9 0 0
1 231 17 0 0
1 202 6 0 0
1 121 7 0 0
1 179 9 0 0
1 282 10 0 0
1 229 10 0 0
1 106 8 0 0
1 87 6 0 0
1 222 7 0 0
1 374 20 0 0
1 219 8 0 0
1 138 5 0 0
1 157 5 0 0
1 132 10 0 0
1 95 5 0 0
1 221 6 0 0
1 80 4 0 0
1 196 28 0 0
1 155 13 0 0
1 87 6 0 0
1 219 10 0 0
1 160 15 0 0
1 196 6 0 0
1 179 12 0 0
1 196 7 0 0
1 158 49 0 0
1 160 7 0 0
1 233 13 0 0
1 229 10 0 0
1 125 6 0 0
1 175 8 0 0
1 228 17 0 0
1 224 8 0 0
1 140 4 0 0
1 97 4 0 0
1 147 6 0 0
1 218 6 0 0
1 205 10 0 0
1 226 7 0 0
1 130 6 0 0
1 166 5 0 0
1 164 7 0 0
1 167 12 0 0
1 155 11 0 0
1 197 5 0 0
1 114 7 0 0
1 207 6 0 0
1 187 7 0 0
1 182 7 0 0
1 147 101 0 0
1 116 5 0 0
1 236 8 0 0
1 238 6 0 0
1 121 5 0 0
1 143 6 0 0
1 98 6 0 0
1 137 8 0 0
1 211 8 0 0
1 165 18 0 0
1 218 7 0 0
1 218 7 0 0
1 171 5 0 0
1 153 7 0 0
1 138 9 0 0
1 222 5 0 0
1 74 4 0 0
1 175 6 0 0
1 198 8 0 0
1 207 6 0 0
1 88 4 0 0
1 105 5 0 0
1 200 5 0 0
1 115 5 0 0
1 162 6 0 0
1 132 6 0 0
1 119 7 0 0
1 141 12 0 0
1 177 5 0 0
1 120 4 0 0
1 190 7 0 0
1 177 101 0 0
1 219 18 0 0
1 234 101 0 0
1 130 5 0 0
1 248 7 0 0
1 215 6 0 0
1 148 4 0 0
1 188 5 0 0
1 199 13 0 0
1 169 9 0 0
1 98 5 0 0
1 137 5 0 0
1 134 5 0 0
1 173 12 0 0
1 147 5 0 0
1 152 23 0 0
1 143 7 0 0
1 98 5 0 0
1 221 7 0 0
1 207 11 0 0
1 158 6 0 0
1 89 4 0 0
1 105 6 0 0
1 148 5 0 0
1 147 4 0 0
1 153 5 0 0
1 131 7 0 0
1 112 7 0 0
1 88 13 0 0
1 118 2 0 0
1 173 6 0 0
1 192 8 0 0
1 95 5 0 0
1 144 7 0 0
1 209 15 0 0
1 286 7 0 0
1 105 6 0 0
1 171 7 0 0
1 94 5 0 0
1 182 6 0 0
1 212 12 0 0
1 192 6 0 0
1 174 8 0 0
1 230 6 0 0
1 144 5 0 0
1 148 7 0 0
1 234 6 0 0
1 141 6 0 0
1 172 7 0 0
1 158 5 0 0
1 100 5 0 0
1 146 7 0 0
1 145 3 0 0
1 122 7 0 0
1 86 9 0 0
1 156 7 0 0
1 223 12 0 0
1 120 5 0 0
1 168 7 0 0
1 298 26 0 0
1 162 9 0 0
1 70 5 0 0
1 191 5 0 0
1 299 10 0 0
1 214 5 0 0
1 124 6 0 0
1 179 6 0 0
1 142 7 0 0
1 233 5 0 0
1 75 5 0 0
1 80 6 0 0
1 119 6 0 0
1 187 5 0 0
1 112 5 0 0
1 99 5 0 0
1 196 4 0 0
1 254 10 0 0
1 181 5 0 0
1 198 7 0 0
1 188 7 0 0
1 220 5 0 0
1 139 4 0 0
1 232 10 0 0
1 186 6 0 0
1 222 6 0 0
1 255 14 0 0
1 145 4 0 0
1 87 13 0 0
1 81 5 0 0
1 126 6 0 0
1 242 7 0 0
1 168 6 0 0
1 171 27 0 0
1 133 4 0 0
1 268 9 0 0
1 161 5 0 0
1 193 101 0 0
1 173 15 0 0
1 270 10 0 0
1 159 7 0 0
1 147 5 0 0
1 192 6 0 0
1 126 5 0 0
1 331 19 0 0
1 260 15 0 0
1 224 7 0 0
1 154 9 0 0
1 170 7 0 0
1 118 5 0 0
1 213 103 0 0
1 170 7 0 0
1 136 6 0 0
1 327 103 0 0
1 250 12 0 0
1 301 8 0 0
1 275 7 0 0
1 166 5 0 0
1 139 4 0 0
1 235 11 0 0
1 176 7 0 0
1 251 11 0 0
1 139 8 0 0
1 83 7 0 0
1 268 29 0 0
1 216 7 0 0
1 204 7 0 0
1 206 10 0 0
1 183 7 0 0
1 168 9 0 0
1 167 7 0 0
1 257 13 0 0
1 105 3 0 0
1 176 7 0 0
1 96 5 0 0
1 286 9 0 0
1 188 5 0 0
1 102 5 0 0
1 222 6 0 0
1 127 5 0 0
1 251 8 0 0
1 164 4 0 0
1 187 6 0 0
1 223 14 0 0
1 225 7 0 0
1 146 8 0 0
1 168 4 0 0
1 99 5 0 0
1 155 4 0 0
1 183 11 0 0
1 237 9 0 0
1 260 6 0 0
1 213 25 0 0
1 79 5 0 0
1 144 10 0 0
1 233 12 0 0
1 156 5 0 0
1 160 4 0 0
1 95 6 0 0
1 202 8 0 0
1 186 12 0 0
1 161 7 0 0
1 180 6 0 0
1 169 5 0 0
1 115 4 0 0
1 192 6 0 0
1 169 5 0 0
1 166 7 0 0
1 106 3 0 0
1 143 4 0 0
1 199 8 0 0
1 139 7 0 0
1 253 22 0 0
1 130 6 0 0
1 149 18 0 0
1 220 10 0 0
1 202 8 0 0
1 216 7 0 0
1 71 5 0 0
1 116 4 0 0
1 167 3 0 0
1 240 7 0 0
1 124 7 0 0
1 117 5 0 0
1 180 6 0 0
1 195 6 0 0
1 72 5 0 0
1 139 7 0 0
1 93 4 0 0
1 265 15 0 0
1 207 5 0 0
1 92 6 0 0
1 98 4 0 0
1 194 7 0 0
1 130 12 0 0
1 82 4 0 0
1 104 6 0 0
1 126 4 0 0
1 238 9 0 0
1 107 5 0 0
1 175 22 0 0
1 168 6 0 0
1 80 4 0 0
1 196 6 0 0
1 205 11 0 0
1 207 7 0 0
1 195 7 0 0
1 204 6 0 0
1 252 6 0 0
1 154 8 0 0
1 141 6 0 0
1 107 5 0 0
1 208 9 0 0
1 114 7 0 0
1 282 9 0 0
1 183 6 0 0
1 194 13 0 0
1 103 4 0 0
1 80 4 0 0
1 160 4 0 0
1 68 4 0 0
1 133 11 0 0
1 152 12 0 0
1 156 7 0 0
1 244 6 0 0
1 177 5 0 0
1 149 5 0 0
1 102 7 0 0
1 117 13 0 0
1 133 7 0 0
1 178 5 0 0
1 167 7 0 0
1 82 4 0 0
1 210 14 0 0
1 171 8 0 0
1 246 7 0 0
1 218 5 0 0
1 152 9 0 0
1 106 4 0 0
1 245 11 0 0
1 158 5 0 0
1 246 9 0 0
1 240 7 0 0
1 179 5 0 0
1 268 10 0 0
1 168 8 0 0
1 224 9 0 0
1 142 6 0 0
1 155 6 0 0
1 84 4 0 0
1 183 4 0 0
1 221 7 0 0
1 150 5 0 0
1 154 4 0 0
1 214 7 0 0
1 153 5 0 0
1 201 7 0 0
1 90 5 0 0
1 288 10 0 0
1 120 5 0 0
1 141 6 0 0
1 144 6 0 0
1 135 9 0 0
1 129 19 0 0
1 220 6 0 0
1 184 4 0 0
1 188 6 0 0
1 109 6 0 0
1 136 6 0 0
1 186 5 0 0
1 146 6 0 0
1 210 5 0 0
1 214 6 0 0
1 186 5 0 0
1 162 7 0 0
1 84 4 0 0
1 205 42 0 0
1 281 22 0 0
1 81 4 0 0
1 205 8 0 0
1 194 8 0 0
1 185 7 0 0
1 158 5 0 0
1 234 8 0 0
1 93 4 0 0
1 99 4 0 0
1 252 9 0 0
1 125 10 0 0
1 128 6 0 0
1 150 7 0 0
1 176 5 0 0
1 140 5 0 0
1 206 7 0 0
1 235 7 0 0
1 215 10 0 0
1 179 7 0 0
1 371 31 0 0
1 159 7 0 0
1 167 5 0 0
1 141 9 0 0
1 220 6 0 0
1 117 7 0 0
1 119 5 0 0
1 175 6 0 0
1 128 9 0 0
1 163 11 0 0
1 183 6 0 0
1 165 5 0 0
1 73 4 0 0
1 133 5 0 0
1 154 7 0 0
1 214 8 0 0
1 206 11 0 0
1 302 8 0 0
1 253 7 0 0
1 176 6 0 0
1 193 6 0 0
1 153 6 0 0
1 198 6 0 0
1 102 6 0 0
1 181 5 0 0
1 156 6 0 0
1 171 6 0 0
1 170 5 0 0
1 155 5 0 0
1 123 8 0 0
1 134 7 0 0
1 172 4 0 0
1 133 4 0 0
1 67 2 0 0
1 81 7 0 0
1 96 5 0 0
1 86 5 0 0
1 132 10 0 0
1 110 4 0 0
1 196 7 0 0
1 265 21 0 0
1 171 5 0 0
1 141 6 0 0
1 120 6 0 0
1 146 6 0 0
1 220 6 0 0
1 150 4 0 0
1 142 6 0 0
1 183 9 0 0
1 174 5 0 0
1 229 8 0 0
1 103 5 0 0
1 146 23 0 0
1 156 5 0 0
1 207 6 0 0
1 198 8 0 0
1 79 4 0 0
1 122 5 0 0
1 144 11 0 0
1 123 5 0 0
1 81 6 0 0
1 176 5 0 0
1 196 6 0 0
1 143 31 0 0
1 210 6 0 0
1 165 7 0 0
1 239 7 0 0
1 196 8 0 0
1 154 6 0 0
1 177 5 0 0
1 267 7 0 0
1 195 4 0 0
1 203 6 0 0
1 122 3 0 0
1 225 7 0 0
1 124 5 0 0
1 172 6 0 0
1 192 9 0 0
1 196 9 0 0
1 196 4 0 0
1 194 6 0 0
1 196 6 0 0
1 136 7 0 0
1 199 6 0 0
1 63 5 0 0
1 195 6 0 0
1 163 6 0 0
1 145 6 0 0
1 164 9 0 0
1 186 30 0 0
1 114 10 0 0
1 160 3 0 0
1 314 10 0 0
1 69 5 0 0
1 126 8 0 0
1 134 8 0 0
1 237 10 0 0
1 123 9 0 0
1 162 7 0 0
1 186 6 0 0
1 123 9 0 0
1 312 9 0 0
1 182 5 0 0
1 180 6 0 0
1 107 4 0 0
1 176 6 0 0
1 164 9 0 0
1 159 5 0 0
1 193 7 0 0
1 276 5 0 0
1 112 10 0 0
1 164 5 0 0
1 207 6 0 0
1 74 4 0 0
1 182 10 0 0
1 193 6 0 0
1 134 5 0 0
1 109 8 0 0
1 93 3 0 0
1 86 13 0 0
1 203 5 0 0
1 224 7 0 0
1 216 6 0 0
1 175 8 0 0
1 195 6 0 0
1 151 8 0 0
1 195 5 0 0
1 198 7 0 0
1 218 9 0 0
1 183 8 0 0
1 134 6 0 0
1 137 4 0 0
1 176 7 0 0
1 192 5 0 0
1 168 5 0 0
1 250 8 0 0
1 172 6 0 0
1 114 6 0 0
1 109 12 0 0
1 189 13 0 0
1 176 7 0 0
1 261 11 0 0
1 159 7 0 0
1 216 10 0 0
1 141 10 0 0
1 283 6 0 0
1 214 6 0 0
1 196 20 0 0
1 144 11 0 0
1 103 5 0 0
1 216 6 0 0
1 87 7 0 0
1 119 6 0 0
1 199 6 0 0
1 254 10 0 0
1 165 6 0 0
1 131 8 0 0
1 195 9 0 0
1 204 7 0 0
1 171 17 0 0
1 172 5 0 0
1 147 6 0 0
1 137 5 0 0
1 157 4 0 0
1 151 4 0 0
1 211 9 0 0
1 153 6 0 0
1 180 8 0 0
1 311 9 0 0
1 170 3 0 0
1 127 7 0 0
1 127 4 0 0
1 185 7 0 0
1 262 11 0 0
1 136 6 0 0
1 179 21 0 0
1 143 101 0 0
1 172 6 0 0
1 61 4 0 0
1 63 6 0 0
1 151 10 0 0
1 153 4 0 0
1 99 9 0 0
1 86 9 0 0
1 94 6 0 0
1 174 6 0 0
1 131 11 0 0
1 172 7 0 0
1 142 4 0 0
1 55 4 0 0
1 139 10 0 0
1 140 8 0 0
1 115 6 0 0
1 61 4 0 0
1 175 9 0 0
1 51 5 0 0
1 112 6 0 0
1 51 4 0 0
1 224 103 0 0
1 141 6 0 0
1 94 6 0 0
1 173 6 0 0
1 91 6 0 0
1 154 5 0 0
1 109 6 0 0
1 73 5 0 0
1 95 6 0 0
1 210 6 0 0
1 83 8 0 0
1 137 4 0 0
1 91 5 0 0
1 239 10 0 0
1 163 6 0 0
1 66 4 0 0
1 188 10 0 0
1 127 9 0 0
1 140 4 0 0
1 108 6 0 0
1 140 20 0 0
1 159 101 0 0
1 197 20 0 0
1 158 6 0 0
1 106 4 0 0
1 78 3 0 0
1 172 7 0 0
1 61 4 0 0
1 73 5 0 0
1 82 5 0 0
1 161 5 0 0
1 129 7 0 0
1 138 10 0 0
1 162 20 0 0
1 129 7 0 0
1 178 7 0 0
1 195 7 0 0
1 111 101 0 0
1 70 5 0 0
1 158 7 0 0
1 153 3 0 0
1 86 5 0 0
1 64 5 0 0
1 120 8 0 0
1 80 6 0 0
1 170 6 0 0
1 153 5 0 0
1 70 4 0 0
1 116 9 0 0
1 70 6 0 0
1 196 15 0 0
1 66 5 0 0
1 111 5 0 0
1 111 6 0 0
